map_icons_file version 1
189
player 0 0 0.000000 0 0.000000 0.000000 0.000000 0


player_horseman 0 0 0.000000 0 0.000000 0.000000 0.000000 0


gray_knight 0 0 0.000000 0 0.000000 0.000000 0.000000 0


vaegir_knight 0 0 0.000000 0 0.000000 0.000000 0.000000 0


flagbearer_a 0 0 0.000000 0 0.000000 0.000000 0.000000 0


flagbearer_b 0 0 0.000000 0 0.000000 0.000000 0.000000 0


peasant 0 0 0.000000 0 0.000000 0.000000 0.000000 0


khergit 0 0 0.000000 0 0.000000 0.000000 0.000000 0


khergit_horseman_b 0 0 0.000000 0 0.000000 0.000000 0.000000 0


axeman 0 0 0.000000 0 0.000000 0.000000 0.000000 0


woman 0 0 0.000000 0 0.000000 0.000000 0.000000 0


woman_b 0 0 0.000000 0 0.000000 0.000000 0.000000 0


town 0 0 0.000000 0 0.000000 0.000000 0.000000 0


town_steppe 0 0 0.000000 0 0.000000 0.000000 0.000000 0


town_desert 0 0 0.000000 0 0.000000 0.000000 0.000000 0


village_a 0 0 0.000000 0 0.000000 0.000000 0.000000 0


village_b 0 0 0.000000 0 0.000000 0.000000 0.000000 0


village_c 0 0 0.000000 0 0.000000 0.000000 0.000000 0


village_burnt_a 0 0 0.000000 0 0.000000 0.000000 0.000000 0


village_deserted_a 0 0 0.000000 0 0.000000 0.000000 0.000000 0


village_burnt_b 0 0 0.000000 0 0.000000 0.000000 0.000000 0


village_deserted_b 0 0 0.000000 0 0.000000 0.000000 0.000000 0


village_burnt_c 0 0 0.000000 0 0.000000 0.000000 0.000000 0


village_deserted_c 0 0 0.000000 0 0.000000 0.000000 0.000000 0


village_snow_a 0 0 0.000000 0 0.000000 0.000000 0.000000 0


village_snow_burnt_a 0 0 0.000000 0 0.000000 0.000000 0.000000 0


village_snow_deserted_a 0 0 0.000000 0 0.000000 0.000000 0.000000 0


camp 0 0 0.000000 0 0.000000 0.000000 0.000000 0


ship 0 0 0.000000 0 0.000000 0.000000 0.000000 0


ship_on_land 0 0 0.000000 0 0.000000 0.000000 0.000000 0


castle_a 0 0 0.000000 0 0.000000 0.000000 0.000000 0


castle_b 0 0 0.000000 0 0.000000 0.000000 0.000000 0


castle_c 0 0 0.000000 0 0.000000 0.000000 0.000000 0


castle_d 0 0 0.000000 0 0.000000 0.000000 0.000000 0


town_snow 0 0 0.000000 0 0.000000 0.000000 0.000000 0


castle_snow_a 0 0 0.000000 0 0.000000 0.000000 0.000000 0


castle_snow_b 0 0 0.000000 0 0.000000 0.000000 0.000000 0


mule 0 0 0.000000 0 0.000000 0.000000 0.000000 0


cattle 0 0 0.000000 0 0.000000 0.000000 0.000000 0


training_ground 0 0 0.000000 0 0.000000 0.000000 0.000000 0


bridge_a 0 0 0.000000 0 0.000000 0.000000 0.000000 0


bridge_b 0 0 0.000000 0 0.000000 0.000000 0.000000 0


bridge_snow_a 0 0 0.000000 0 0.000000 0.000000 0.000000 0


custom_banner_01 0 0 0.000000 0 0.000000 0.000000 0.000000 0


custom_banner_02 0 0 0.000000 0 0.000000 0.000000 0.000000 0


custom_banner_03 0 0 0.000000 0 0.000000 0.000000 0.000000 0


banner_01 0 0 0.000000 0 0.000000 0.000000 0.000000 0


banner_02 0 0 0.000000 0 0.000000 0.000000 0.000000 0


banner_03 0 0 0.000000 0 0.000000 0.000000 0.000000 0


banner_04 0 0 0.000000 0 0.000000 0.000000 0.000000 0


banner_05 0 0 0.000000 0 0.000000 0.000000 0.000000 0


banner_06 0 0 0.000000 0 0.000000 0.000000 0.000000 0


banner_07 0 0 0.000000 0 0.000000 0.000000 0.000000 0


banner_08 0 0 0.000000 0 0.000000 0.000000 0.000000 0


banner_09 0 0 0.000000 0 0.000000 0.000000 0.000000 0


banner_10 0 0 0.000000 0 0.000000 0.000000 0.000000 0


banner_11 0 0 0.000000 0 0.000000 0.000000 0.000000 0


banner_12 0 0 0.000000 0 0.000000 0.000000 0.000000 0


banner_13 0 0 0.000000 0 0.000000 0.000000 0.000000 0


banner_14 0 0 0.000000 0 0.000000 0.000000 0.000000 0


banner_15 0 0 0.000000 0 0.000000 0.000000 0.000000 0


banner_16 0 0 0.000000 0 0.000000 0.000000 0.000000 0


banner_17 0 0 0.000000 0 0.000000 0.000000 0.000000 0


banner_18 0 0 0.000000 0 0.000000 0.000000 0.000000 0


banner_19 0 0 0.000000 0 0.000000 0.000000 0.000000 0


banner_20 0 0 0.000000 0 0.000000 0.000000 0.000000 0


banner_21 0 0 0.000000 0 0.000000 0.000000 0.000000 0


banner_22 0 0 0.000000 0 0.000000 0.000000 0.000000 0


banner_23 0 0 0.000000 0 0.000000 0.000000 0.000000 0


banner_24 0 0 0.000000 0 0.000000 0.000000 0.000000 0


banner_25 0 0 0.000000 0 0.000000 0.000000 0.000000 0


banner_26 0 0 0.000000 0 0.000000 0.000000 0.000000 0


banner_27 0 0 0.000000 0 0.000000 0.000000 0.000000 0


banner_28 0 0 0.000000 0 0.000000 0.000000 0.000000 0


banner_29 0 0 0.000000 0 0.000000 0.000000 0.000000 0


banner_30 0 0 0.000000 0 0.000000 0.000000 0.000000 0


banner_31 0 0 0.000000 0 0.000000 0.000000 0.000000 0


banner_32 0 0 0.000000 0 0.000000 0.000000 0.000000 0


banner_33 0 0 0.000000 0 0.000000 0.000000 0.000000 0


banner_34 0 0 0.000000 0 0.000000 0.000000 0.000000 0


banner_35 0 0 0.000000 0 0.000000 0.000000 0.000000 0


banner_36 0 0 0.000000 0 0.000000 0.000000 0.000000 0


banner_37 0 0 0.000000 0 0.000000 0.000000 0.000000 0


banner_38 0 0 0.000000 0 0.000000 0.000000 0.000000 0


banner_39 0 0 0.000000 0 0.000000 0.000000 0.000000 0


banner_40 0 0 0.000000 0 0.000000 0.000000 0.000000 0


banner_41 0 0 0.000000 0 0.000000 0.000000 0.000000 0


banner_42 0 0 0.000000 0 0.000000 0.000000 0.000000 0


banner_43 0 0 0.000000 0 0.000000 0.000000 0.000000 0


banner_44 0 0 0.000000 0 0.000000 0.000000 0.000000 0


banner_45 0 0 0.000000 0 0.000000 0.000000 0.000000 0


banner_46 0 0 0.000000 0 0.000000 0.000000 0.000000 0


banner_47 0 0 0.000000 0 0.000000 0.000000 0.000000 0


banner_48 0 0 0.000000 0 0.000000 0.000000 0.000000 0


banner_49 0 0 0.000000 0 0.000000 0.000000 0.000000 0


banner_50 0 0 0.000000 0 0.000000 0.000000 0.000000 0


banner_51 0 0 0.000000 0 0.000000 0.000000 0.000000 0


banner_52 0 0 0.000000 0 0.000000 0.000000 0.000000 0


banner_53 0 0 0.000000 0 0.000000 0.000000 0.000000 0


banner_54 0 0 0.000000 0 0.000000 0.000000 0.000000 0


banner_55 0 0 0.000000 0 0.000000 0.000000 0.000000 0


banner_56 0 0 0.000000 0 0.000000 0.000000 0.000000 0


banner_57 0 0 0.000000 0 0.000000 0.000000 0.000000 0


banner_58 0 0 0.000000 0 0.000000 0.000000 0.000000 0


banner_59 0 0 0.000000 0 0.000000 0.000000 0.000000 0


banner_60 0 0 0.000000 0 0.000000 0.000000 0.000000 0


banner_61 0 0 0.000000 0 0.000000 0.000000 0.000000 0


banner_62 0 0 0.000000 0 0.000000 0.000000 0.000000 0


banner_63 0 0 0.000000 0 0.000000 0.000000 0.000000 0


banner_64 0 0 0.000000 0 0.000000 0.000000 0.000000 0


banner_65 0 0 0.000000 0 0.000000 0.000000 0.000000 0


banner_66 0 0 0.000000 0 0.000000 0.000000 0.000000 0


banner_67 0 0 0.000000 0 0.000000 0.000000 0.000000 0


banner_68 0 0 0.000000 0 0.000000 0.000000 0.000000 0


banner_69 0 0 0.000000 0 0.000000 0.000000 0.000000 0


banner_70 0 0 0.000000 0 0.000000 0.000000 0.000000 0


banner_71 0 0 0.000000 0 0.000000 0.000000 0.000000 0


banner_72 0 0 0.000000 0 0.000000 0.000000 0.000000 0


banner_73 0 0 0.000000 0 0.000000 0.000000 0.000000 0


banner_74 0 0 0.000000 0 0.000000 0.000000 0.000000 0


banner_75 0 0 0.000000 0 0.000000 0.000000 0.000000 0


banner_76 0 0 0.000000 0 0.000000 0.000000 0.000000 0


banner_77 0 0 0.000000 0 0.000000 0.000000 0.000000 0


banner_78 0 0 0.000000 0 0.000000 0.000000 0.000000 0


banner_79 0 0 0.000000 0 0.000000 0.000000 0.000000 0


banner_80 0 0 0.000000 0 0.000000 0.000000 0.000000 0


banner_81 0 0 0.000000 0 0.000000 0.000000 0.000000 0


banner_82 0 0 0.000000 0 0.000000 0.000000 0.000000 0


banner_83 0 0 0.000000 0 0.000000 0.000000 0.000000 0


banner_84 0 0 0.000000 0 0.000000 0.000000 0.000000 0


banner_85 0 0 0.000000 0 0.000000 0.000000 0.000000 0


banner_86 0 0 0.000000 0 0.000000 0.000000 0.000000 0


banner_87 0 0 0.000000 0 0.000000 0.000000 0.000000 0


banner_88 0 0 0.000000 0 0.000000 0.000000 0.000000 0


banner_89 0 0 0.000000 0 0.000000 0.000000 0.000000 0


banner_90 0 0 0.000000 0 0.000000 0.000000 0.000000 0


banner_91 0 0 0.000000 0 0.000000 0.000000 0.000000 0


banner_92 0 0 0.000000 0 0.000000 0.000000 0.000000 0


banner_93 0 0 0.000000 0 0.000000 0.000000 0.000000 0


banner_94 0 0 0.000000 0 0.000000 0.000000 0.000000 0


banner_95 0 0 0.000000 0 0.000000 0.000000 0.000000 0


banner_96 0 0 0.000000 0 0.000000 0.000000 0.000000 0


banner_97 0 0 0.000000 0 0.000000 0.000000 0.000000 0


banner_98 0 0 0.000000 0 0.000000 0.000000 0.000000 0


banner_99 0 0 0.000000 0 0.000000 0.000000 0.000000 0


banner_100 0 0 0.000000 0 0.000000 0.000000 0.000000 0


banner_101 0 0 0.000000 0 0.000000 0.000000 0.000000 0


banner_102 0 0 0.000000 0 0.000000 0.000000 0.000000 0


banner_103 0 0 0.000000 0 0.000000 0.000000 0.000000 0


banner_104 0 0 0.000000 0 0.000000 0.000000 0.000000 0


banner_105 0 0 0.000000 0 0.000000 0.000000 0.000000 0


banner_106 0 0 0.000000 0 0.000000 0.000000 0.000000 0


banner_107 0 0 0.000000 0 0.000000 0.000000 0.000000 0


banner_108 0 0 0.000000 0 0.000000 0.000000 0.000000 0


banner_109 0 0 0.000000 0 0.000000 0.000000 0.000000 0


banner_110 0 0 0.000000 0 0.000000 0.000000 0.000000 0


banner_111 0 0 0.000000 0 0.000000 0.000000 0.000000 0


banner_112 0 0 0.000000 0 0.000000 0.000000 0.000000 0


banner_113 0 0 0.000000 0 0.000000 0.000000 0.000000 0


banner_114 0 0 0.000000 0 0.000000 0.000000 0.000000 0


banner_115 0 0 0.000000 0 0.000000 0.000000 0.000000 0


banner_116 0 0 0.000000 0 0.000000 0.000000 0.000000 0


banner_117 0 0 0.000000 0 0.000000 0.000000 0.000000 0


banner_118 0 0 0.000000 0 0.000000 0.000000 0.000000 0


banner_119 0 0 0.000000 0 0.000000 0.000000 0.000000 0


banner_120 0 0 0.000000 0 0.000000 0.000000 0.000000 0


banner_121 0 0 0.000000 0 0.000000 0.000000 0.000000 0


banner_122 0 0 0.000000 0 0.000000 0.000000 0.000000 0


banner_123 0 0 0.000000 0 0.000000 0.000000 0.000000 0


banner_124 0 0 0.000000 0 0.000000 0.000000 0.000000 0


banner_125 0 0 0.000000 0 0.000000 0.000000 0.000000 0


banner_126 0 0 0.000000 0 0.000000 0.000000 0.000000 0


banner_127 0 0 0.000000 0 0.000000 0.000000 0.000000 0


banner_128 0 0 0.000000 0 0.000000 0.000000 0.000000 0


banner_129 0 0 0.000000 0 0.000000 0.000000 0.000000 0


banner_130 0 0 0.000000 0 0.000000 0.000000 0.000000 0


banner_131 0 0 0.000000 0 0.000000 0.000000 0.000000 0


banner_132 0 0 0.000000 0 0.000000 0.000000 0.000000 0


banner_133 0 0 0.000000 0 0.000000 0.000000 0.000000 0


banner_134 0 0 0.000000 0 0.000000 0.000000 0.000000 0


banner_135 0 0 0.000000 0 0.000000 0.000000 0.000000 0


map_flag_kingdom_a 0 0 0.000000 0 0.000000 0.000000 0.000000 0


map_flag_kingdom_b 0 0 0.000000 0 0.000000 0.000000 0.000000 0


map_flag_kingdom_c 0 0 0.000000 0 0.000000 0.000000 0.000000 0


map_flag_kingdom_d 0 0 0.000000 0 0.000000 0.000000 0.000000 0


map_flag_kingdom_e 0 0 0.000000 0 0.000000 0.000000 0.000000 0


map_flag_kingdom_f 0 0 0.000000 0 0.000000 0.000000 0.000000 0


banner_136 0 0 0.000000 0 0.000000 0.000000 0.000000 0


bandit_lair 0 0 0.000000 0 0.000000 0.000000 0.000000 0


