partiesfile version 1
241 241
 1 0 0 p_main_party Main_Party 0 0 0 0 0 0 0 0 0 0.000000 0.000000 0.000000 0.000000 0.000000 0.000000 0.0 1 0 1 0 0 
0.000000
 1 1 1 p_temp_party {!}temp_party 0 0 0 0 0 0 0 0 0 0.000000 0.000000 0.000000 0.000000 0.000000 0.000000 0.0 1 0 1 0 0 
0.000000
 1 2 2 p_camp_bandits {!}camp_bandits 0 0 0 0 0 0 0 0 0 0.000000 0.000000 0.000000 0.000000 0.000000 0.000000 0.0 1 0 1 0 0 
0.000000
 1 3 3 p_temp_party_2 {!}temp_party_2 0 0 0 0 0 0 0 0 0 0.000000 0.000000 0.000000 0.000000 0.000000 0.000000 0.0 1 0 1 0 0 
0.000000
 1 4 4 p_temp_casualties {!}casualties 0 0 0 0 0 0 0 0 0 0.000000 0.000000 0.000000 0.000000 0.000000 0.000000 0.0 1 0 1 0 0 
0.000000
 1 5 5 p_temp_casualties_2 {!}casualties 0 0 0 0 0 0 0 0 0 0.000000 0.000000 0.000000 0.000000 0.000000 0.000000 0.0 1 0 1 0 0 
0.000000
 1 6 6 p_temp_casualties_3 {!}casualties 0 0 0 0 0 0 0 0 0 0.000000 0.000000 0.000000 0.000000 0.000000 0.000000 0.0 1 0 1 0 0 
0.000000
 1 7 7 p_temp_wounded {!}enemies_wounded 0 0 0 0 0 0 0 0 0 0.000000 0.000000 0.000000 0.000000 0.000000 0.000000 0.0 1 0 1 0 0 
0.000000
 1 8 8 p_temp_killed {!}enemies_killed 0 0 0 0 0 0 0 0 0 0.000000 0.000000 0.000000 0.000000 0.000000 0.000000 0.0 1 0 1 0 0 
0.000000
 1 9 9 p_main_party_backup {!}_ 0 0 0 0 0 0 0 0 0 0.000000 0.000000 0.000000 0.000000 0.000000 0.000000 0.0 1 0 1 0 0 
0.000000
 1 10 10 p_encountered_party_backup {!}_ 0 0 0 0 0 0 0 0 0 0.000000 0.000000 0.000000 0.000000 0.000000 0.000000 0.0 1 0 1 0 0 
0.000000
 1 11 11 p_collective_friends_backup {!}_ 0 0 0 0 0 0 0 0 0 0.000000 0.000000 0.000000 0.000000 0.000000 0.000000 0.0 1 0 1 0 0 
0.000000
 1 12 12 p_player_casualties {!}_ 0 0 0 0 0 0 0 0 0 0.000000 0.000000 0.000000 0.000000 0.000000 0.000000 0.0 1 0 1 0 0 
0.000000
 1 13 13 p_enemy_casualties {!}_ 0 0 0 0 0 0 0 0 0 0.000000 0.000000 0.000000 0.000000 0.000000 0.000000 0.0 1 0 1 0 0 
0.000000
 1 14 14 p_ally_casualties {!}_ 0 0 0 0 0 0 0 0 0 0.000000 0.000000 0.000000 0.000000 0.000000 0.000000 0.0 1 0 1 0 0 
0.000000
 1 15 15 p_collective_enemy {!}collective_enemy 0 0 0 0 0 0 0 0 0 0.000000 0.000000 0.000000 0.000000 0.000000 0.000000 0.0 1 0 1 0 0 
0.000000
 1 16 16 p_collective_ally {!}collective_ally 0 0 0 0 0 0 0 0 0 0.000000 0.000000 0.000000 0.000000 0.000000 0.000000 0.0 1 0 1 0 0 
0.000000
 1 17 17 p_collective_friends {!}collective_ally 0 0 0 0 0 0 0 0 0 0.000000 0.000000 0.000000 0.000000 0.000000 0.000000 0.0 1 0 1 0 0 
0.000000
 1 18 18 p_total_enemy_casualties {!}_ 0 0 0 0 0 0 0 0 0 0.000000 0.000000 0.000000 0.000000 0.000000 0.000000 0.0 1 0 1 0 0 
0.000000
 1 19 19 p_routed_enemies {!}routed_enemies 0 0 0 0 0 0 0 0 0 0.000000 0.000000 0.000000 0.000000 0.000000 0.000000 0.0 1 0 1 0 0 
0.000000
 1 20 20 p_zendar Zendar 0 0 0 0 0 0 0 0 0 0.000000 0.000000 0.000000 0.000000 0.000000 0.000000 0.0 1 0 1 0 0 
0.000000
 1 21 21 p_town_1 Sargoth 0 0 0 0 0 0 0 0 0 0.000000 0.000000 0.000000 0.000000 0.000000 0.000000 0.0 1 0 1 0 0 
0.000000
 1 22 22 p_town_2 Tihr 0 0 0 0 0 0 0 0 0 0.000000 0.000000 0.000000 0.000000 0.000000 0.000000 0.0 1 0 1 0 0 
0.000000
 1 23 23 p_town_3 Veluca 0 0 0 0 0 0 0 0 0 0.000000 0.000000 0.000000 0.000000 0.000000 0.000000 0.0 1 0 1 0 0 
0.000000
 1 24 24 p_town_4 Suno 0 0 0 0 0 0 0 0 0 0.000000 0.000000 0.000000 0.000000 0.000000 0.000000 0.0 1 0 1 0 0 
0.000000
 1 25 25 p_town_5 Jelkala 0 0 0 0 0 0 0 0 0 0.000000 0.000000 0.000000 0.000000 0.000000 0.000000 0.0 1 0 1 0 0 
0.000000
 1 26 26 p_town_6 Praven 0 0 0 0 0 0 0 0 0 0.000000 0.000000 0.000000 0.000000 0.000000 0.000000 0.0 1 0 1 0 0 
0.000000
 1 27 27 p_town_7 Uxkhal 0 0 0 0 0 0 0 0 0 0.000000 0.000000 0.000000 0.000000 0.000000 0.000000 0.0 1 0 1 0 0 
0.000000
 1 28 28 p_town_8 Reyvadin 0 0 0 0 0 0 0 0 0 0.000000 0.000000 0.000000 0.000000 0.000000 0.000000 0.0 1 0 1 0 0 
0.000000
 1 29 29 p_town_9 Khudan 0 0 0 0 0 0 0 0 0 0.000000 0.000000 0.000000 0.000000 0.000000 0.000000 0.0 1 0 1 0 0 
0.000000
 1 30 30 p_town_10 Tulga 0 0 0 0 0 0 0 0 0 0.000000 0.000000 0.000000 0.000000 0.000000 0.000000 0.0 1 0 1 0 0 
0.000000
 1 31 31 p_town_11 Curaw 0 0 0 0 0 0 0 0 0 0.000000 0.000000 0.000000 0.000000 0.000000 0.000000 0.0 1 0 1 0 0 
0.000000
 1 32 32 p_town_12 Wercheg 0 0 0 0 0 0 0 0 0 0.000000 0.000000 0.000000 0.000000 0.000000 0.000000 0.0 1 0 1 0 0 
0.000000
 1 33 33 p_town_13 Rivacheg 0 0 0 0 0 0 0 0 0 0.000000 0.000000 0.000000 0.000000 0.000000 0.000000 0.0 1 0 1 0 0 
0.000000
 1 34 34 p_town_14 Halmar 0 0 0 0 0 0 0 0 0 0.000000 0.000000 0.000000 0.000000 0.000000 0.000000 0.0 1 0 1 0 0 
0.000000
 1 35 35 p_town_15 Yalen 0 0 0 0 0 0 0 0 0 0.000000 0.000000 0.000000 0.000000 0.000000 0.000000 0.0 1 0 1 0 0 
0.000000
 1 36 36 p_town_16 Dhirim 0 0 0 0 0 0 0 0 0 0.000000 0.000000 0.000000 0.000000 0.000000 0.000000 0.0 1 0 1 0 0 
0.000000
 1 37 37 p_town_17 Ichamur 0 0 0 0 0 0 0 0 0 0.000000 0.000000 0.000000 0.000000 0.000000 0.000000 0.0 1 0 1 0 0 
0.000000
 1 38 38 p_town_18 Narra 0 0 0 0 0 0 0 0 0 0.000000 0.000000 0.000000 0.000000 0.000000 0.000000 0.0 1 0 1 0 0 
0.000000
 1 39 39 p_town_19 Shariz 0 0 0 0 0 0 0 0 0 0.000000 0.000000 0.000000 0.000000 0.000000 0.000000 0.0 1 0 1 0 0 
0.000000
 1 40 40 p_town_20 Durquba 0 0 0 0 0 0 0 0 0 0.000000 0.000000 0.000000 0.000000 0.000000 0.000000 0.0 1 0 1 0 0 
0.000000
 1 41 41 p_town_21 Ahmerrad 0 0 0 0 0 0 0 0 0 0.000000 0.000000 0.000000 0.000000 0.000000 0.000000 0.0 1 0 1 0 0 
0.000000
 1 42 42 p_town_22 Bariyye 0 0 0 0 0 0 0 0 0 0.000000 0.000000 0.000000 0.000000 0.000000 0.000000 0.0 1 0 1 0 0 
0.000000
 1 43 43 p_castle_1 Culmarr_Castle 0 0 0 0 0 0 0 0 0 0.000000 0.000000 0.000000 0.000000 0.000000 0.000000 0.0 1 0 1 0 0 
0.000000
 1 44 44 p_castle_2 Malayurg_Castle 0 0 0 0 0 0 0 0 0 0.000000 0.000000 0.000000 0.000000 0.000000 0.000000 0.0 1 0 1 0 0 
0.000000
 1 45 45 p_castle_3 Bulugha_Castle 0 0 0 0 0 0 0 0 0 0.000000 0.000000 0.000000 0.000000 0.000000 0.000000 0.0 1 0 1 0 0 
0.000000
 1 46 46 p_castle_4 Radoghir_Castle 0 0 0 0 0 0 0 0 0 0.000000 0.000000 0.000000 0.000000 0.000000 0.000000 0.0 1 0 1 0 0 
0.000000
 1 47 47 p_castle_5 Tehlrog_Castle 0 0 0 0 0 0 0 0 0 0.000000 0.000000 0.000000 0.000000 0.000000 0.000000 0.0 1 0 1 0 0 
0.000000
 1 48 48 p_castle_6 Tilbaut_Castle 0 0 0 0 0 0 0 0 0 0.000000 0.000000 0.000000 0.000000 0.000000 0.000000 0.0 1 0 1 0 0 
0.000000
 1 49 49 p_castle_7 Sungetche_Castle 0 0 0 0 0 0 0 0 0 0.000000 0.000000 0.000000 0.000000 0.000000 0.000000 0.0 1 0 1 0 0 
0.000000
 1 50 50 p_castle_8 Jeirbe_Castle 0 0 0 0 0 0 0 0 0 0.000000 0.000000 0.000000 0.000000 0.000000 0.000000 0.0 1 0 1 0 0 
0.000000
 1 51 51 p_castle_9 Jamiche_Castle 0 0 0 0 0 0 0 0 0 0.000000 0.000000 0.000000 0.000000 0.000000 0.000000 0.0 1 0 1 0 0 
0.000000
 1 52 52 p_castle_10 Alburq_Castle 0 0 0 0 0 0 0 0 0 0.000000 0.000000 0.000000 0.000000 0.000000 0.000000 0.0 1 0 1 0 0 
0.000000
 1 53 53 p_castle_11 Curin_Castle 0 0 0 0 0 0 0 0 0 0.000000 0.000000 0.000000 0.000000 0.000000 0.000000 0.0 1 0 1 0 0 
0.000000
 1 54 54 p_castle_12 Chalbek_Castle 0 0 0 0 0 0 0 0 0 0.000000 0.000000 0.000000 0.000000 0.000000 0.000000 0.0 1 0 1 0 0 
0.000000
 1 55 55 p_castle_13 Kelredan_Castle 0 0 0 0 0 0 0 0 0 0.000000 0.000000 0.000000 0.000000 0.000000 0.000000 0.0 1 0 1 0 0 
0.000000
 1 56 56 p_castle_14 Maras_Castle 0 0 0 0 0 0 0 0 0 0.000000 0.000000 0.000000 0.000000 0.000000 0.000000 0.0 1 0 1 0 0 
0.000000
 1 57 57 p_castle_15 Ergellon_Castle 0 0 0 0 0 0 0 0 0 0.000000 0.000000 0.000000 0.000000 0.000000 0.000000 0.0 1 0 1 0 0 
0.000000
 1 58 58 p_castle_16 Almerra_Castle 0 0 0 0 0 0 0 0 0 0.000000 0.000000 0.000000 0.000000 0.000000 0.000000 0.0 1 0 1 0 0 
0.000000
 1 59 59 p_castle_17 Distar_Castle 0 0 0 0 0 0 0 0 0 0.000000 0.000000 0.000000 0.000000 0.000000 0.000000 0.0 1 0 1 0 0 
0.000000
 1 60 60 p_castle_18 Ismirala_Castle 0 0 0 0 0 0 0 0 0 0.000000 0.000000 0.000000 0.000000 0.000000 0.000000 0.0 1 0 1 0 0 
0.000000
 1 61 61 p_castle_19 Yruma_Castle 0 0 0 0 0 0 0 0 0 0.000000 0.000000 0.000000 0.000000 0.000000 0.000000 0.0 1 0 1 0 0 
0.000000
 1 62 62 p_castle_20 Derchios_Castle 0 0 0 0 0 0 0 0 0 0.000000 0.000000 0.000000 0.000000 0.000000 0.000000 0.0 1 0 1 0 0 
0.000000
 1 63 63 p_castle_21 Ibdeles_Castle 0 0 0 0 0 0 0 0 0 0.000000 0.000000 0.000000 0.000000 0.000000 0.000000 0.0 1 0 1 0 0 
0.000000
 1 64 64 p_castle_22 Unuzdaq_Castle 0 0 0 0 0 0 0 0 0 0.000000 0.000000 0.000000 0.000000 0.000000 0.000000 0.0 1 0 1 0 0 
0.000000
 1 65 65 p_castle_23 Tevarin_Castle 0 0 0 0 0 0 0 0 0 0.000000 0.000000 0.000000 0.000000 0.000000 0.000000 0.0 1 0 1 0 0 
0.000000
 1 66 66 p_castle_24 Reindi_Castle 0 0 0 0 0 0 0 0 0 0.000000 0.000000 0.000000 0.000000 0.000000 0.000000 0.0 1 0 1 0 0 
0.000000
 1 67 67 p_castle_25 Ryibelet_Castle 0 0 0 0 0 0 0 0 0 0.000000 0.000000 0.000000 0.000000 0.000000 0.000000 0.0 1 0 1 0 0 
0.000000
 1 68 68 p_castle_26 Senuzgda_Castle 0 0 0 0 0 0 0 0 0 0.000000 0.000000 0.000000 0.000000 0.000000 0.000000 0.0 1 0 1 0 0 
0.000000
 1 69 69 p_castle_27 Rindyar_Castle 0 0 0 0 0 0 0 0 0 0.000000 0.000000 0.000000 0.000000 0.000000 0.000000 0.0 1 0 1 0 0 
0.000000
 1 70 70 p_castle_28 Grunwalder_Castle 0 0 0 0 0 0 0 0 0 0.000000 0.000000 0.000000 0.000000 0.000000 0.000000 0.0 1 0 1 0 0 
0.000000
 1 71 71 p_castle_29 Nelag_Castle 0 0 0 0 0 0 0 0 0 0.000000 0.000000 0.000000 0.000000 0.000000 0.000000 0.0 1 0 1 0 0 
0.000000
 1 72 72 p_castle_30 Asugan_Castle 0 0 0 0 0 0 0 0 0 0.000000 0.000000 0.000000 0.000000 0.000000 0.000000 0.0 1 0 1 0 0 
0.000000
 1 73 73 p_castle_31 Vyincourd_Castle 0 0 0 0 0 0 0 0 0 0.000000 0.000000 0.000000 0.000000 0.000000 0.000000 0.0 1 0 1 0 0 
0.000000
 1 74 74 p_castle_32 Knudarr_Castle 0 0 0 0 0 0 0 0 0 0.000000 0.000000 0.000000 0.000000 0.000000 0.000000 0.0 1 0 1 0 0 
0.000000
 1 75 75 p_castle_33 Etrosq_Castle 0 0 0 0 0 0 0 0 0 0.000000 0.000000 0.000000 0.000000 0.000000 0.000000 0.0 1 0 1 0 0 
0.000000
 1 76 76 p_castle_34 Hrus_Castle 0 0 0 0 0 0 0 0 0 0.000000 0.000000 0.000000 0.000000 0.000000 0.000000 0.0 1 0 1 0 0 
0.000000
 1 77 77 p_castle_35 Haringoth_Castle 0 0 0 0 0 0 0 0 0 0.000000 0.000000 0.000000 0.000000 0.000000 0.000000 0.0 1 0 1 0 0 
0.000000
 1 78 78 p_castle_36 Jelbegi_Castle 0 0 0 0 0 0 0 0 0 0.000000 0.000000 0.000000 0.000000 0.000000 0.000000 0.0 1 0 1 0 0 
0.000000
 1 79 79 p_castle_37 Dramug_Castle 0 0 0 0 0 0 0 0 0 0.000000 0.000000 0.000000 0.000000 0.000000 0.000000 0.0 1 0 1 0 0 
0.000000
 1 80 80 p_castle_38 Tulbuk_Castle 0 0 0 0 0 0 0 0 0 0.000000 0.000000 0.000000 0.000000 0.000000 0.000000 0.0 1 0 1 0 0 
0.000000
 1 81 81 p_castle_39 Slezkh_Castle 0 0 0 0 0 0 0 0 0 0.000000 0.000000 0.000000 0.000000 0.000000 0.000000 0.0 1 0 1 0 0 
0.000000
 1 82 82 p_castle_40 Uhhun_Castle 0 0 0 0 0 0 0 0 0 0.000000 0.000000 0.000000 0.000000 0.000000 0.000000 0.0 1 0 1 0 0 
0.000000
 1 83 83 p_castle_41 Jameyyed_Castle 0 0 0 0 0 0 0 0 0 0.000000 0.000000 0.000000 0.000000 0.000000 0.000000 0.0 1 0 1 0 0 
0.000000
 1 84 84 p_castle_42 Teramma_Castle 0 0 0 0 0 0 0 0 0 0.000000 0.000000 0.000000 0.000000 0.000000 0.000000 0.0 1 0 1 0 0 
0.000000
 1 85 85 p_castle_43 Sharwa_Castle 0 0 0 0 0 0 0 0 0 0.000000 0.000000 0.000000 0.000000 0.000000 0.000000 0.0 1 0 1 0 0 
0.000000
 1 86 86 p_castle_44 Durrin_Castle 0 0 0 0 0 0 0 0 0 0.000000 0.000000 0.000000 0.000000 0.000000 0.000000 0.0 1 0 1 0 0 
0.000000
 1 87 87 p_castle_45 Caraf_Castle 0 0 0 0 0 0 0 0 0 0.000000 0.000000 0.000000 0.000000 0.000000 0.000000 0.0 1 0 1 0 0 
0.000000
 1 88 88 p_castle_46 Weyyah_Castle 0 0 0 0 0 0 0 0 0 0.000000 0.000000 0.000000 0.000000 0.000000 0.000000 0.0 1 0 1 0 0 
0.000000
 1 89 89 p_castle_47 Samarra_Castle 0 0 0 0 0 0 0 0 0 0.000000 0.000000 0.000000 0.000000 0.000000 0.000000 0.0 1 0 1 0 0 
0.000000
 1 90 90 p_castle_48 Bardaq_Castle 0 0 0 0 0 0 0 0 0 0.000000 0.000000 0.000000 0.000000 0.000000 0.000000 0.0 1 0 1 0 0 
0.000000
 1 91 91 p_village_1 Yaragar 0 0 0 0 0 0 0 0 0 0.000000 0.000000 0.000000 0.000000 0.000000 0.000000 0.0 1 0 1 0 0 
0.000000
 1 92 92 p_village_2 Burglen 0 0 0 0 0 0 0 0 0 0.000000 0.000000 0.000000 0.000000 0.000000 0.000000 0.0 1 0 1 0 0 
0.000000
 1 93 93 p_village_3 Azgad 0 0 0 0 0 0 0 0 0 0.000000 0.000000 0.000000 0.000000 0.000000 0.000000 0.0 1 0 1 0 0 
0.000000
 1 94 94 p_village_4 Nomar 0 0 0 0 0 0 0 0 0 0.000000 0.000000 0.000000 0.000000 0.000000 0.000000 0.0 1 0 1 0 0 
0.000000
 1 95 95 p_village_5 Kulum 0 0 0 0 0 0 0 0 0 0.000000 0.000000 0.000000 0.000000 0.000000 0.000000 0.0 1 0 1 0 0 
0.000000
 1 96 96 p_village_6 Emirin 0 0 0 0 0 0 0 0 0 0.000000 0.000000 0.000000 0.000000 0.000000 0.000000 0.0 1 0 1 0 0 
0.000000
 1 97 97 p_village_7 Amere 0 0 0 0 0 0 0 0 0 0.000000 0.000000 0.000000 0.000000 0.000000 0.000000 0.0 1 0 1 0 0 
0.000000
 1 98 98 p_village_8 Haen 0 0 0 0 0 0 0 0 0 0.000000 0.000000 0.000000 0.000000 0.000000 0.000000 0.0 1 0 1 0 0 
0.000000
 1 99 99 p_village_9 Buvran 0 0 0 0 0 0 0 0 0 0.000000 0.000000 0.000000 0.000000 0.000000 0.000000 0.0 1 0 1 0 0 
0.000000
 1 100 100 p_village_10 Mechin 0 0 0 0 0 0 0 0 0 0.000000 0.000000 0.000000 0.000000 0.000000 0.000000 0.0 1 0 1 0 0 
0.000000
 1 101 101 p_village_11 Dusturil 0 0 0 0 0 0 0 0 0 0.000000 0.000000 0.000000 0.000000 0.000000 0.000000 0.0 1 0 1 0 0 
0.000000
 1 102 102 p_village_12 Emer 0 0 0 0 0 0 0 0 0 0.000000 0.000000 0.000000 0.000000 0.000000 0.000000 0.0 1 0 1 0 0 
0.000000
 1 103 103 p_village_13 Nemeja 0 0 0 0 0 0 0 0 0 0.000000 0.000000 0.000000 0.000000 0.000000 0.000000 0.0 1 0 1 0 0 
0.000000
 1 104 104 p_village_14 Sumbuja 0 0 0 0 0 0 0 0 0 0.000000 0.000000 0.000000 0.000000 0.000000 0.000000 0.0 1 0 1 0 0 
0.000000
 1 105 105 p_village_15 Ryibelet 0 0 0 0 0 0 0 0 0 0.000000 0.000000 0.000000 0.000000 0.000000 0.000000 0.0 1 0 1 0 0 
0.000000
 1 106 106 p_village_16 Shapeshte 0 0 0 0 0 0 0 0 0 0.000000 0.000000 0.000000 0.000000 0.000000 0.000000 0.0 1 0 1 0 0 
0.000000
 1 107 107 p_village_17 Mazen 0 0 0 0 0 0 0 0 0 0.000000 0.000000 0.000000 0.000000 0.000000 0.000000 0.0 1 0 1 0 0 
0.000000
 1 108 108 p_village_18 Ulburban 0 0 0 0 0 0 0 0 0 0.000000 0.000000 0.000000 0.000000 0.000000 0.000000 0.0 1 0 1 0 0 
0.000000
 1 109 109 p_village_19 Hanun 0 0 0 0 0 0 0 0 0 0.000000 0.000000 0.000000 0.000000 0.000000 0.000000 0.0 1 0 1 0 0 
0.000000
 1 110 110 p_village_20 Uslum 0 0 0 0 0 0 0 0 0 0.000000 0.000000 0.000000 0.000000 0.000000 0.000000 0.0 1 0 1 0 0 
0.000000
 1 111 111 p_village_21 Bazeck 0 0 0 0 0 0 0 0 0 0.000000 0.000000 0.000000 0.000000 0.000000 0.000000 0.0 1 0 1 0 0 
0.000000
 1 112 112 p_village_22 Shulus 0 0 0 0 0 0 0 0 0 0.000000 0.000000 0.000000 0.000000 0.000000 0.000000 0.0 1 0 1 0 0 
0.000000
 1 113 113 p_village_23 Ilvia 0 0 0 0 0 0 0 0 0 0.000000 0.000000 0.000000 0.000000 0.000000 0.000000 0.0 1 0 1 0 0 
0.000000
 1 114 114 p_village_24 Ruldi 0 0 0 0 0 0 0 0 0 0.000000 0.000000 0.000000 0.000000 0.000000 0.000000 0.0 1 0 1 0 0 
0.000000
 1 115 115 p_village_25 Dashbigha 0 0 0 0 0 0 0 0 0 0.000000 0.000000 0.000000 0.000000 0.000000 0.000000 0.0 1 0 1 0 0 
0.000000
 1 116 116 p_village_26 Pagundur 0 0 0 0 0 0 0 0 0 0.000000 0.000000 0.000000 0.000000 0.000000 0.000000 0.0 1 0 1 0 0 
0.000000
 1 117 117 p_village_27 Glunmar 0 0 0 0 0 0 0 0 0 0.000000 0.000000 0.000000 0.000000 0.000000 0.000000 0.0 1 0 1 0 0 
0.000000
 1 118 118 p_village_28 Tash_Kulun 0 0 0 0 0 0 0 0 0 0.000000 0.000000 0.000000 0.000000 0.000000 0.000000 0.0 1 0 1 0 0 
0.000000
 1 119 119 p_village_29 Buillin 0 0 0 0 0 0 0 0 0 0.000000 0.000000 0.000000 0.000000 0.000000 0.000000 0.0 1 0 1 0 0 
0.000000
 1 120 120 p_village_30 Ruvar 0 0 0 0 0 0 0 0 0 0.000000 0.000000 0.000000 0.000000 0.000000 0.000000 0.0 1 0 1 0 0 
0.000000
 1 121 121 p_village_31 Ambean 0 0 0 0 0 0 0 0 0 0.000000 0.000000 0.000000 0.000000 0.000000 0.000000 0.0 1 0 1 0 0 
0.000000
 1 122 122 p_village_32 Tosdhar 0 0 0 0 0 0 0 0 0 0.000000 0.000000 0.000000 0.000000 0.000000 0.000000 0.0 1 0 1 0 0 
0.000000
 1 123 123 p_village_33 Ruluns 0 0 0 0 0 0 0 0 0 0.000000 0.000000 0.000000 0.000000 0.000000 0.000000 0.0 1 0 1 0 0 
0.000000
 1 124 124 p_village_34 Ehlerdah 0 0 0 0 0 0 0 0 0 0.000000 0.000000 0.000000 0.000000 0.000000 0.000000 0.0 1 0 1 0 0 
0.000000
 1 125 125 p_village_35 Fearichen 0 0 0 0 0 0 0 0 0 0.000000 0.000000 0.000000 0.000000 0.000000 0.000000 0.0 1 0 1 0 0 
0.000000
 1 126 126 p_village_36 Jayek 0 0 0 0 0 0 0 0 0 0.000000 0.000000 0.000000 0.000000 0.000000 0.000000 0.0 1 0 1 0 0 
0.000000
 1 127 127 p_village_37 Ada_Kulun 0 0 0 0 0 0 0 0 0 0.000000 0.000000 0.000000 0.000000 0.000000 0.000000 0.0 1 0 1 0 0 
0.000000
 1 128 128 p_village_38 Ibiran 0 0 0 0 0 0 0 0 0 0.000000 0.000000 0.000000 0.000000 0.000000 0.000000 0.0 1 0 1 0 0 
0.000000
 1 129 129 p_village_39 Reveran 0 0 0 0 0 0 0 0 0 0.000000 0.000000 0.000000 0.000000 0.000000 0.000000 0.0 1 0 1 0 0 
0.000000
 1 130 130 p_village_40 Saren 0 0 0 0 0 0 0 0 0 0.000000 0.000000 0.000000 0.000000 0.000000 0.000000 0.0 1 0 1 0 0 
0.000000
 1 131 131 p_village_41 Dugan 0 0 0 0 0 0 0 0 0 0.000000 0.000000 0.000000 0.000000 0.000000 0.000000 0.0 1 0 1 0 0 
0.000000
 1 132 132 p_village_42 Dirigh_Aban 0 0 0 0 0 0 0 0 0 0.000000 0.000000 0.000000 0.000000 0.000000 0.000000 0.0 1 0 1 0 0 
0.000000
 1 133 133 p_village_43 Zagush 0 0 0 0 0 0 0 0 0 0.000000 0.000000 0.000000 0.000000 0.000000 0.000000 0.0 1 0 1 0 0 
0.000000
 1 134 134 p_village_44 Peshmi 0 0 0 0 0 0 0 0 0 0.000000 0.000000 0.000000 0.000000 0.000000 0.000000 0.0 1 0 1 0 0 
0.000000
 1 135 135 p_village_45 Bulugur 0 0 0 0 0 0 0 0 0 0.000000 0.000000 0.000000 0.000000 0.000000 0.000000 0.0 1 0 1 0 0 
0.000000
 1 136 136 p_village_46 Fedner 0 0 0 0 0 0 0 0 0 0.000000 0.000000 0.000000 0.000000 0.000000 0.000000 0.0 1 0 1 0 0 
0.000000
 1 137 137 p_village_47 Epeshe 0 0 0 0 0 0 0 0 0 0.000000 0.000000 0.000000 0.000000 0.000000 0.000000 0.0 1 0 1 0 0 
0.000000
 1 138 138 p_village_48 Veidar 0 0 0 0 0 0 0 0 0 0.000000 0.000000 0.000000 0.000000 0.000000 0.000000 0.0 1 0 1 0 0 
0.000000
 1 139 139 p_village_49 Tismirr 0 0 0 0 0 0 0 0 0 0.000000 0.000000 0.000000 0.000000 0.000000 0.000000 0.0 1 0 1 0 0 
0.000000
 1 140 140 p_village_50 Karindi 0 0 0 0 0 0 0 0 0 0.000000 0.000000 0.000000 0.000000 0.000000 0.000000 0.0 1 0 1 0 0 
0.000000
 1 141 141 p_village_51 Jelbegi 0 0 0 0 0 0 0 0 0 0.000000 0.000000 0.000000 0.000000 0.000000 0.000000 0.0 1 0 1 0 0 
0.000000
 1 142 142 p_village_52 Amashke 0 0 0 0 0 0 0 0 0 0.000000 0.000000 0.000000 0.000000 0.000000 0.000000 0.0 1 0 1 0 0 
0.000000
 1 143 143 p_village_53 Balanli 0 0 0 0 0 0 0 0 0 0.000000 0.000000 0.000000 0.000000 0.000000 0.000000 0.0 1 0 1 0 0 
0.000000
 1 144 144 p_village_54 Chide 0 0 0 0 0 0 0 0 0 0.000000 0.000000 0.000000 0.000000 0.000000 0.000000 0.0 1 0 1 0 0 
0.000000
 1 145 145 p_village_55 Tadsamesh 0 0 0 0 0 0 0 0 0 0.000000 0.000000 0.000000 0.000000 0.000000 0.000000 0.0 1 0 1 0 0 
0.000000
 1 146 146 p_village_56 Fenada 0 0 0 0 0 0 0 0 0 0.000000 0.000000 0.000000 0.000000 0.000000 0.000000 0.0 1 0 1 0 0 
0.000000
 1 147 147 p_village_57 Ushkuru 0 0 0 0 0 0 0 0 0 0.000000 0.000000 0.000000 0.000000 0.000000 0.000000 0.0 1 0 1 0 0 
0.000000
 1 148 148 p_village_58 Vezin 0 0 0 0 0 0 0 0 0 0.000000 0.000000 0.000000 0.000000 0.000000 0.000000 0.0 1 0 1 0 0 
0.000000
 1 149 149 p_village_59 Dumar 0 0 0 0 0 0 0 0 0 0.000000 0.000000 0.000000 0.000000 0.000000 0.000000 0.0 1 0 1 0 0 
0.000000
 1 150 150 p_village_60 Tahlberl 0 0 0 0 0 0 0 0 0 0.000000 0.000000 0.000000 0.000000 0.000000 0.000000 0.0 1 0 1 0 0 
0.000000
 1 151 151 p_village_61 Aldelen 0 0 0 0 0 0 0 0 0 0.000000 0.000000 0.000000 0.000000 0.000000 0.000000 0.0 1 0 1 0 0 
0.000000
 1 152 152 p_village_62 Rebache 0 0 0 0 0 0 0 0 0 0.000000 0.000000 0.000000 0.000000 0.000000 0.000000 0.0 1 0 1 0 0 
0.000000
 1 153 153 p_village_63 Rduna 0 0 0 0 0 0 0 0 0 0.000000 0.000000 0.000000 0.000000 0.000000 0.000000 0.0 1 0 1 0 0 
0.000000
 1 154 154 p_village_64 Serindiar 0 0 0 0 0 0 0 0 0 0.000000 0.000000 0.000000 0.000000 0.000000 0.000000 0.0 1 0 1 0 0 
0.000000
 1 155 155 p_village_65 Iyindah 0 0 0 0 0 0 0 0 0 0.000000 0.000000 0.000000 0.000000 0.000000 0.000000 0.0 1 0 1 0 0 
0.000000
 1 156 156 p_village_66 Fisdnar 0 0 0 0 0 0 0 0 0 0.000000 0.000000 0.000000 0.000000 0.000000 0.000000 0.0 1 0 1 0 0 
0.000000
 1 157 157 p_village_67 Tebandra 0 0 0 0 0 0 0 0 0 0.000000 0.000000 0.000000 0.000000 0.000000 0.000000 0.0 1 0 1 0 0 
0.000000
 1 158 158 p_village_68 Ibdeles 0 0 0 0 0 0 0 0 0 0.000000 0.000000 0.000000 0.000000 0.000000 0.000000 0.0 1 0 1 0 0 
0.000000
 1 159 159 p_village_69 Kwynn 0 0 0 0 0 0 0 0 0 0.000000 0.000000 0.000000 0.000000 0.000000 0.000000 0.0 1 0 1 0 0 
0.000000
 1 160 160 p_village_70 Dirigsene 0 0 0 0 0 0 0 0 0 0.000000 0.000000 0.000000 0.000000 0.000000 0.000000 0.0 1 0 1 0 0 
0.000000
 1 161 161 p_village_71 Tshibtin 0 0 0 0 0 0 0 0 0 0.000000 0.000000 0.000000 0.000000 0.000000 0.000000 0.0 1 0 1 0 0 
0.000000
 1 162 162 p_village_72 Elberl 0 0 0 0 0 0 0 0 0 0.000000 0.000000 0.000000 0.000000 0.000000 0.000000 0.0 1 0 1 0 0 
0.000000
 1 163 163 p_village_73 Chaeza 0 0 0 0 0 0 0 0 0 0.000000 0.000000 0.000000 0.000000 0.000000 0.000000 0.0 1 0 1 0 0 
0.000000
 1 164 164 p_village_74 Ayyike 0 0 0 0 0 0 0 0 0 0.000000 0.000000 0.000000 0.000000 0.000000 0.000000 0.0 1 0 1 0 0 
0.000000
 1 165 165 p_village_75 Bhulaban 0 0 0 0 0 0 0 0 0 0.000000 0.000000 0.000000 0.000000 0.000000 0.000000 0.0 1 0 1 0 0 
0.000000
 1 166 166 p_village_76 Kedelke 0 0 0 0 0 0 0 0 0 0.000000 0.000000 0.000000 0.000000 0.000000 0.000000 0.0 1 0 1 0 0 
0.000000
 1 167 167 p_village_77 Rizi 0 0 0 0 0 0 0 0 0 0.000000 0.000000 0.000000 0.000000 0.000000 0.000000 0.0 1 0 1 0 0 
0.000000
 1 168 168 p_village_78 Sarimish 0 0 0 0 0 0 0 0 0 0.000000 0.000000 0.000000 0.000000 0.000000 0.000000 0.0 1 0 1 0 0 
0.000000
 1 169 169 p_village_79 Istiniar 0 0 0 0 0 0 0 0 0 0.000000 0.000000 0.000000 0.000000 0.000000 0.000000 0.0 1 0 1 0 0 
0.000000
 1 170 170 p_village_80 Vayejeg 0 0 0 0 0 0 0 0 0 0.000000 0.000000 0.000000 0.000000 0.000000 0.000000 0.0 1 0 1 0 0 
0.000000
 1 171 171 p_village_81 Odasan 0 0 0 0 0 0 0 0 0 0.000000 0.000000 0.000000 0.000000 0.000000 0.000000 0.0 1 0 1 0 0 
0.000000
 1 172 172 p_village_82 Yalibe 0 0 0 0 0 0 0 0 0 0.000000 0.000000 0.000000 0.000000 0.000000 0.000000 0.0 1 0 1 0 0 
0.000000
 1 173 173 p_village_83 Gisim 0 0 0 0 0 0 0 0 0 0.000000 0.000000 0.000000 0.000000 0.000000 0.000000 0.0 1 0 1 0 0 
0.000000
 1 174 174 p_village_84 Chelez 0 0 0 0 0 0 0 0 0 0.000000 0.000000 0.000000 0.000000 0.000000 0.000000 0.0 1 0 1 0 0 
0.000000
 1 175 175 p_village_85 Ismirala 0 0 0 0 0 0 0 0 0 0.000000 0.000000 0.000000 0.000000 0.000000 0.000000 0.0 1 0 1 0 0 
0.000000
 1 176 176 p_village_86 Slezkh 0 0 0 0 0 0 0 0 0 0.000000 0.000000 0.000000 0.000000 0.000000 0.000000 0.0 1 0 1 0 0 
0.000000
 1 177 177 p_village_87 Udiniad 0 0 0 0 0 0 0 0 0 0.000000 0.000000 0.000000 0.000000 0.000000 0.000000 0.0 1 0 1 0 0 
0.000000
 1 178 178 p_village_88 Tulbuk 0 0 0 0 0 0 0 0 0 0.000000 0.000000 0.000000 0.000000 0.000000 0.000000 0.0 1 0 1 0 0 
0.000000
 1 179 179 p_village_89 Uhhun 0 0 0 0 0 0 0 0 0 0.000000 0.000000 0.000000 0.000000 0.000000 0.000000 0.0 1 0 1 0 0 
0.000000
 1 180 180 p_village_90 Jamiche 0 0 0 0 0 0 0 0 0 0.000000 0.000000 0.000000 0.000000 0.000000 0.000000 0.0 1 0 1 0 0 
0.000000
 1 181 181 p_village_91 Ayn_Assuadi 0 0 0 0 0 0 0 0 0 0.000000 0.000000 0.000000 0.000000 0.000000 0.000000 0.0 1 0 1 0 0 
0.000000
 1 182 182 p_village_92 Dhibbain 0 0 0 0 0 0 0 0 0 0.000000 0.000000 0.000000 0.000000 0.000000 0.000000 0.0 1 0 1 0 0 
0.000000
 1 183 183 p_village_93 Qalyut 0 0 0 0 0 0 0 0 0 0.000000 0.000000 0.000000 0.000000 0.000000 0.000000 0.0 1 0 1 0 0 
0.000000
 1 184 184 p_village_94 Mazigh 0 0 0 0 0 0 0 0 0 0.000000 0.000000 0.000000 0.000000 0.000000 0.000000 0.0 1 0 1 0 0 
0.000000
 1 185 185 p_village_95 Tamnuh 0 0 0 0 0 0 0 0 0 0.000000 0.000000 0.000000 0.000000 0.000000 0.000000 0.0 1 0 1 0 0 
0.000000
 1 186 186 p_village_96 Habba 0 0 0 0 0 0 0 0 0 0.000000 0.000000 0.000000 0.000000 0.000000 0.000000 0.0 1 0 1 0 0 
0.000000
 1 187 187 p_village_97 Sekhtem 0 0 0 0 0 0 0 0 0 0.000000 0.000000 0.000000 0.000000 0.000000 0.000000 0.0 1 0 1 0 0 
0.000000
 1 188 188 p_village_98 Mawiti 0 0 0 0 0 0 0 0 0 0.000000 0.000000 0.000000 0.000000 0.000000 0.000000 0.0 1 0 1 0 0 
0.000000
 1 189 189 p_village_99 Fishara 0 0 0 0 0 0 0 0 0 0.000000 0.000000 0.000000 0.000000 0.000000 0.000000 0.0 1 0 1 0 0 
0.000000
 1 190 190 p_village_100 Iqbayl 0 0 0 0 0 0 0 0 0 0.000000 0.000000 0.000000 0.000000 0.000000 0.000000 0.0 1 0 1 0 0 
0.000000
 1 191 191 p_village_101 Uzgha 0 0 0 0 0 0 0 0 0 0.000000 0.000000 0.000000 0.000000 0.000000 0.000000 0.0 1 0 1 0 0 
0.000000
 1 192 192 p_village_102 Shibal_Zumr 0 0 0 0 0 0 0 0 0 0.000000 0.000000 0.000000 0.000000 0.000000 0.000000 0.0 1 0 1 0 0 
0.000000
 1 193 193 p_village_103 Mijayet 0 0 0 0 0 0 0 0 0 0.000000 0.000000 0.000000 0.000000 0.000000 0.000000 0.0 1 0 1 0 0 
0.000000
 1 194 194 p_village_104 Tazjunat 0 0 0 0 0 0 0 0 0 0.000000 0.000000 0.000000 0.000000 0.000000 0.000000 0.0 1 0 1 0 0 
0.000000
 1 195 195 p_village_105 Aab 0 0 0 0 0 0 0 0 0 0.000000 0.000000 0.000000 0.000000 0.000000 0.000000 0.0 1 0 1 0 0 
0.000000
 1 196 196 p_village_106 Hawaha 0 0 0 0 0 0 0 0 0 0.000000 0.000000 0.000000 0.000000 0.000000 0.000000 0.0 1 0 1 0 0 
0.000000
 1 197 197 p_village_107 Unriya 0 0 0 0 0 0 0 0 0 0.000000 0.000000 0.000000 0.000000 0.000000 0.000000 0.0 1 0 1 0 0 
0.000000
 1 198 198 p_village_108 Mit_Nun 0 0 0 0 0 0 0 0 0 0.000000 0.000000 0.000000 0.000000 0.000000 0.000000 0.0 1 0 1 0 0 
0.000000
 1 199 199 p_village_109 Tilimsal 0 0 0 0 0 0 0 0 0 0.000000 0.000000 0.000000 0.000000 0.000000 0.000000 0.0 1 0 1 0 0 
0.000000
 1 200 200 p_village_110 Rushdigh 0 0 0 0 0 0 0 0 0 0.000000 0.000000 0.000000 0.000000 0.000000 0.000000 0.0 1 0 1 0 0 
0.000000
 1 201 201 p_salt_mine Salt_Mine 0 0 0 0 0 0 0 0 0 0.000000 0.000000 0.000000 0.000000 0.000000 0.000000 0.0 1 0 1 0 0 
0.000000
 1 202 202 p_four_ways_inn Four_Ways_Inn 0 0 0 0 0 0 0 0 0 0.000000 0.000000 0.000000 0.000000 0.000000 0.000000 0.0 1 0 1 0 0 
0.000000
 1 203 203 p_test_scene test_scene 0 0 0 0 0 0 0 0 0 0.000000 0.000000 0.000000 0.000000 0.000000 0.000000 0.0 1 0 1 0 0 
0.000000
 1 204 204 p_battlefields battlefields 0 0 0 0 0 0 0 0 0 0.000000 0.000000 0.000000 0.000000 0.000000 0.000000 0.0 1 0 1 0 0 
0.000000
 1 205 205 p_dhorak_keep Dhorak_Keep 0 0 0 0 0 0 0 0 0 0.000000 0.000000 0.000000 0.000000 0.000000 0.000000 0.0 1 0 1 0 0 
0.000000
 1 206 206 p_training_ground Training_Ground 0 0 0 0 0 0 0 0 0 0.000000 0.000000 0.000000 0.000000 0.000000 0.000000 0.0 1 0 1 0 0 
0.000000
 1 207 207 p_training_ground_1 Training_Field 0 0 0 0 0 0 0 0 0 0.000000 0.000000 0.000000 0.000000 0.000000 0.000000 0.0 1 0 1 0 0 
0.000000
 1 208 208 p_training_ground_2 Training_Field 0 0 0 0 0 0 0 0 0 0.000000 0.000000 0.000000 0.000000 0.000000 0.000000 0.0 1 0 1 0 0 
0.000000
 1 209 209 p_training_ground_3 Training_Field 0 0 0 0 0 0 0 0 0 0.000000 0.000000 0.000000 0.000000 0.000000 0.000000 0.0 1 0 1 0 0 
0.000000
 1 210 210 p_training_ground_4 Training_Field 0 0 0 0 0 0 0 0 0 0.000000 0.000000 0.000000 0.000000 0.000000 0.000000 0.0 1 0 1 0 0 
0.000000
 1 211 211 p_training_ground_5 Training_Field 0 0 0 0 0 0 0 0 0 0.000000 0.000000 0.000000 0.000000 0.000000 0.000000 0.0 1 0 1 0 0 
0.000000
 1 212 212 p_Bridge_1 {!}1 0 0 0 0 0 0 0 0 0 0.000000 0.000000 0.000000 0.000000 0.000000 0.000000 0.0 1 0 1 0 0 
0.000000
 1 213 213 p_Bridge_2 {!}2 0 0 0 0 0 0 0 0 0 0.000000 0.000000 0.000000 0.000000 0.000000 0.000000 0.0 1 0 1 0 0 
0.000000
 1 214 214 p_Bridge_3 {!}3 0 0 0 0 0 0 0 0 0 0.000000 0.000000 0.000000 0.000000 0.000000 0.000000 0.0 1 0 1 0 0 
0.000000
 1 215 215 p_Bridge_4 {!}4 0 0 0 0 0 0 0 0 0 0.000000 0.000000 0.000000 0.000000 0.000000 0.000000 0.0 1 0 1 0 0 
0.000000
 1 216 216 p_Bridge_5 {!}5 0 0 0 0 0 0 0 0 0 0.000000 0.000000 0.000000 0.000000 0.000000 0.000000 0.0 1 0 1 0 0 
0.000000
 1 217 217 p_Bridge_6 {!}6 0 0 0 0 0 0 0 0 0 0.000000 0.000000 0.000000 0.000000 0.000000 0.000000 0.0 1 0 1 0 0 
0.000000
 1 218 218 p_Bridge_7 {!}7 0 0 0 0 0 0 0 0 0 0.000000 0.000000 0.000000 0.000000 0.000000 0.000000 0.0 1 0 1 0 0 
0.000000
 1 219 219 p_Bridge_8 {!}8 0 0 0 0 0 0 0 0 0 0.000000 0.000000 0.000000 0.000000 0.000000 0.000000 0.0 1 0 1 0 0 
0.000000
 1 220 220 p_Bridge_9 {!}9 0 0 0 0 0 0 0 0 0 0.000000 0.000000 0.000000 0.000000 0.000000 0.000000 0.0 1 0 1 0 0 
0.000000
 1 221 221 p_Bridge_10 {!}10 0 0 0 0 0 0 0 0 0 0.000000 0.000000 0.000000 0.000000 0.000000 0.000000 0.0 1 0 1 0 0 
0.000000
 1 222 222 p_Bridge_11 {!}11 0 0 0 0 0 0 0 0 0 0.000000 0.000000 0.000000 0.000000 0.000000 0.000000 0.0 1 0 1 0 0 
0.000000
 1 223 223 p_Bridge_12 {!}12 0 0 0 0 0 0 0 0 0 0.000000 0.000000 0.000000 0.000000 0.000000 0.000000 0.0 1 0 1 0 0 
0.000000
 1 224 224 p_Bridge_13 {!}13 0 0 0 0 0 0 0 0 0 0.000000 0.000000 0.000000 0.000000 0.000000 0.000000 0.0 1 0 1 0 0 
0.000000
 1 225 225 p_Bridge_14 {!}14 0 0 0 0 0 0 0 0 0 0.000000 0.000000 0.000000 0.000000 0.000000 0.000000 0.0 1 0 1 0 0 
0.000000
 1 226 226 p_looter_spawn_point {!}looter_sp 0 0 0 0 0 0 0 0 0 0.000000 0.000000 0.000000 0.000000 0.000000 0.000000 0.0 1 0 1 0 0 
0.000000
 1 227 227 p_steppe_bandit_spawn_point the_steppes 0 0 0 0 0 0 0 0 0 0.000000 0.000000 0.000000 0.000000 0.000000 0.000000 0.0 1 0 1 0 0 
0.000000
 1 228 228 p_taiga_bandit_spawn_point the_tundra 0 0 0 0 0 0 0 0 0 0.000000 0.000000 0.000000 0.000000 0.000000 0.000000 0.0 1 0 1 0 0 
0.000000
 1 229 229 p_forest_bandit_spawn_point the_forests 0 0 0 0 0 0 0 0 0 0.000000 0.000000 0.000000 0.000000 0.000000 0.000000 0.0 1 0 1 0 0 
0.000000
 1 230 230 p_mountain_bandit_spawn_point the_highlands 0 0 0 0 0 0 0 0 0 0.000000 0.000000 0.000000 0.000000 0.000000 0.000000 0.0 1 0 1 0 0 
0.000000
 1 231 231 p_sea_raider_spawn_point_1 the_coast 0 0 0 0 0 0 0 0 0 0.000000 0.000000 0.000000 0.000000 0.000000 0.000000 0.0 1 0 1 0 0 
0.000000
 1 232 232 p_sea_raider_spawn_point_2 the_coast 0 0 0 0 0 0 0 0 0 0.000000 0.000000 0.000000 0.000000 0.000000 0.000000 0.0 1 0 1 0 0 
0.000000
 1 233 233 p_desert_bandit_spawn_point the_deserts 0 0 0 0 0 0 0 0 0 0.000000 0.000000 0.000000 0.000000 0.000000 0.000000 0.0 1 0 1 0 0 
0.000000
 1 234 234 p_spawn_points_end {!}last_spawn_point 0 0 0 0 0 0 0 0 0 0.000000 0.000000 0.000000 0.000000 0.000000 0.000000 0.0 1 0 1 0 0 
0.000000
 1 235 235 p_reserved_1 {!}last_spawn_point 0 0 0 0 0 0 0 0 0 0.000000 0.000000 0.000000 0.000000 0.000000 0.000000 0.0 1 0 1 0 0 
0.000000
 1 236 236 p_reserved_2 {!}last_spawn_point 0 0 0 0 0 0 0 0 0 0.000000 0.000000 0.000000 0.000000 0.000000 0.000000 0.0 1 0 1 0 0 
0.000000
 1 237 237 p_reserved_3 {!}last_spawn_point 0 0 0 0 0 0 0 0 0 0.000000 0.000000 0.000000 0.000000 0.000000 0.000000 0.0 1 0 1 0 0 
0.000000
 1 238 238 p_reserved_4 {!}last_spawn_point 0 0 0 0 0 0 0 0 0 0.000000 0.000000 0.000000 0.000000 0.000000 0.000000 0.0 1 0 1 0 0 
0.000000
 1 239 239 p_reserved_5 {!}last_spawn_point 0 0 0 0 0 0 0 0 0 0.000000 0.000000 0.000000 0.000000 0.000000 0.000000 0.0 1 0 1 0 0 
0.000000
 1 240 240 p_end {!}end 1280 0 0 0 0 0 0 0 0 0.000000 0.000000 0.000000 0.000000 0.000000 0.000000 0.0 0 
0.000000
