presentationsfile version 1
 55
prsnt_game_credits 0 0 0


prsnt_game_profile_banner_selection 0 0 0


prsnt_game_custom_battle_designer 0 0 0


prsnt_game_multiplayer_admin_panel 0 0 0


prsnt_multiplayer_welcome_message 0 0 0


prsnt_multiplayer_team_select 0 0 0


prsnt_multiplayer_troop_select 0 0 0


prsnt_multiplayer_item_select 0 0 0


prsnt_multiplayer_message_1 0 0 0


prsnt_multiplayer_message_2 0 0 0


prsnt_multiplayer_message_3 0 0 0


prsnt_multiplayer_round_time_counter 0 0 0


prsnt_multiplayer_team_score_display 0 0 0


prsnt_multiplayer_flag_projection_display 0 0 0


prsnt_multiplayer_flag_projection_display_bt 0 0 0


prsnt_multiplayer_destructible_targets_display 0 0 0


prsnt_multiplayer_respawn_time_counter 0 0 0


prsnt_multiplayer_stats_chart 0 0 0


prsnt_multiplayer_stats_chart_deathmatch 0 0 0


prsnt_multiplayer_escape_menu 0 0 0


prsnt_multiplayer_poll_menu 0 0 0


prsnt_multiplayer_show_players_list 0 0 0


prsnt_multiplayer_show_maps_list 0 0 0


prsnt_multiplayer_show_factions_list 0 0 0


prsnt_multiplayer_show_number_of_bots_list 0 0 0


prsnt_multiplayer_poll 0 0 0


prsnt_tutorial_show_mouse_movement 0 0 0


prsnt_name_kingdom 0 0 0


prsnt_banner_selection 0 0 0


prsnt_custom_banner 0 0 0


prsnt_banner_charge_positioning 0 0 0


prsnt_banner_charge_selection 0 0 0


prsnt_banner_background_selection 0 0 0


prsnt_banner_flag_type_selection 0 0 0


prsnt_banner_flag_map_type_selection 0 0 0


prsnt_color_selection 0 0 0


prsnt_marshall_selection 0 0 0


prsnt_battle 0 0 0


prsnt_sliders 0 0 0


prsnt_arena_training 0 0 0


prsnt_retirement 0 0 0


prsnt_budget_report 0 0 0


prsnt_game_before_quit 0 0 0


prsnt_multiplayer_duel_start_counter 0 0 0


prsnt_multiplayer_flag_projection_display_ccoop 0 0 0


prsnt_multiplayer_flag_projection_display_ccoop_wave 0 0 0


prsnt_coop_assign_drop_to_group_member 0 0 0


prsnt_multiplayer_ccoop_next_wave_time_counter 0 0 0


prsnt_multiplayer_ccoop_victory_message 0 0 0


prsnt_lwbr_menu 2 0 3
-60.000000  454 2124 1 1000 911 2 72057594037927936 1441151880758558783 729 2 0 250 730 2 0 80 926 2 72057594037927936 0 729 2 0 1000 730 2 0 1000 925 2 72057594037927936 0 902 1 999999 2133 2 1224979098644774912 600 910 2 144115188075855879 1585267068834414894 921 2 144115188075855879 4294967295 729 2 0 10 730 2 0 700 926 2 144115188075855879 0 2133 2 1224979098644774913 0 4 0 2133 2 1224979098644774914 0 910 2 1224979098644774913 1585267068834414895 921 2 1224979098644774913 16777215 729 2 0 300 2121 3 1224979098644774915 1224979098644774912 15 730 2 0 1224979098644774915 926 2 1224979098644774913 0 2106 2 1224979098644774912 30 3 0 500 3 360287970189640755 0 1224979098644774913 2133 2 1224979098644774913 0 2106 2 1224979098644774912 30 500 3 360287970189640755 1 1224979098644774913 2133 2 1224979098644774913 0 4 0 2133 2 1224979098644774914 0 540 3 360287970189640757 1 -1 910 2 1224979098644774913 1585267068834414896 921 2 1224979098644774913 16777215 729 2 0 300 2121 3 1224979098644774915 1224979098644774912 15 730 2 0 1224979098644774915 926 2 1224979098644774913 0 2106 2 1224979098644774912 30 3 0 500 3 360287970189640755 2 1224979098644774913 2133 2 1224979098644774913 0 4 0 2133 2 1224979098644774914 0 2147484188 3 360287970189640757 1 -1 1 2 936748722493063801 1 2133 2 1224979098644774916 72057594037927978 2119 3 72057594037927939 1224979098644774916 10 2108 2 1224979098644774916 10 2119 3 72057594037927938 1224979098644774916 10 2108 2 1224979098644774916 10 2119 3 72057594037927937 1224979098644774916 10 2123 3 72057594037927936 1224979098644774916 10 910 2 1224979098644774913 1585267068834414897 921 2 1224979098644774913 16777215 729 2 0 300 2121 3 1224979098644774915 1224979098644774912 15 730 2 0 1224979098644774915 926 2 1224979098644774913 0 2106 2 1224979098644774912 30 3 0 500 3 360287970189640755 3 1224979098644774913 2133 2 1224979098644774913 0 2106 2 1224979098644774912 350 2319 1 0 910 3 1224979098644774913 0 8192 729 2 0 300 730 2 0 1224979098644774912 926 2 1224979098644774913 0 729 2 0 400 730 2 0 350 929 2 1224979098644774913 0 945 1 1224979098644774913 2133 2 1224979098644774917 1224979098644774912 2133 2 1224979098644774912 615 2106 2 1224979098644774912 0 500 3 360287970189640755 4 1224979098644774913 2133 2 1224979098644774913 0 4 0 2147484188 3 360287970189640757 1 -1 415 1 1224979098644774918 430 1 1224979098644774918 2106 2 1224979098644774912 0 500 3 360287970189640755 5 1224979098644774913 2133 2 1224979098644774913 0 2106 2 1224979098644774912 30 500 3 360287970189640755 6 1224979098644774913 2133 2 1224979098644774913 0 4 0 2133 2 1224979098644774914 0 1 2 936748722493063801 10 2133 2 1224979098644774914 72057594037927978 910 2 1224979098644774913 1585267068834414898 921 2 1224979098644774913 16777215 729 2 0 85 2121 3 1224979098644774915 1224979098644774912 15 730 2 0 1224979098644774915 926 2 1224979098644774913 0 942 3 1224979098644774913 -1 2001 729 2 0 10 2121 3 1224979098644774915 1224979098644774912 15 730 2 0 1224979098644774915 926 2 1224979098644774913 0 927 2 1224979098644774913 1224979098644774914 2106 2 1224979098644774912 30 3 0 500 3 360287970189640755 7 1224979098644774913 2133 2 1224979098644774913 0 4 0 2133 2 1224979098644774914 0 1 2 936748722493063801 11 2133 2 1224979098644774914 72057594037927978 910 2 1224979098644774913 1585267068834414899 921 2 1224979098644774913 16777215 729 2 0 85 2121 3 1224979098644774915 1224979098644774912 15 730 2 0 1224979098644774915 926 2 1224979098644774913 0 942 3 1224979098644774913 0 1001 729 2 0 10 2121 3 1224979098644774915 1224979098644774912 15 730 2 0 1224979098644774915 926 2 1224979098644774913 0 927 2 1224979098644774913 1224979098644774914 2106 2 1224979098644774912 30 3 0 500 3 360287970189640755 8 1224979098644774913 2133 2 1224979098644774913 0 4 0 2133 2 1224979098644774914 0 1 2 936748722493063801 12 2133 2 1224979098644774914 72057594037927978 910 2 1224979098644774913 1585267068834414900 921 2 1224979098644774913 16777215 729 2 0 85 2121 3 1224979098644774915 1224979098644774912 15 730 2 0 1224979098644774915 926 2 1224979098644774913 0 942 3 1224979098644774913 0 31 729 2 0 10 2121 3 1224979098644774915 1224979098644774912 15 730 2 0 1224979098644774915 926 2 1224979098644774913 0 927 2 1224979098644774913 1224979098644774914 2106 2 1224979098644774912 30 3 0 500 3 360287970189640755 9 1224979098644774913 2133 2 1224979098644774913 0 4 0 2133 2 1224979098644774914 0 1 2 936748722493063800 4 2133 2 1224979098644774914 72057594037927978 1 2 936748722493063801 12 2133 2 1224979098644774919 72057594037927978 30 2 1224979098644774919 2 910 2 1224979098644774913 1585267068834414901 921 2 1224979098644774913 16777215 729 2 0 85 2121 3 1224979098644774915 1224979098644774912 15 730 2 0 1224979098644774915 926 2 1224979098644774913 0 2120 3 1224979098644774915 1224979098644774919 1 942 3 1224979098644774913 1 1224979098644774915 729 2 0 10 2121 3 1224979098644774915 1224979098644774912 15 730 2 0 1224979098644774915 926 2 1224979098644774913 0 927 2 1224979098644774913 1224979098644774914 2106 2 1224979098644774912 30 3 0 500 3 360287970189640755 10 1224979098644774913 2133 2 1224979098644774913 0 4 0 2133 2 1224979098644774914 0 1 2 936748722493063801 12 2133 2 1224979098644774920 72057594037927978 30 2 1224979098644774920 1 1 2 936748722493063800 4 2133 2 1224979098644774920 72057594037927978 2133 2 72057594037927936 1224979098644774920 2120 3 1224979098644774921 360287970189639841 1224979098644774920 2121 3 1224979098644774915 1224979098644774921 1 2322 2 0 1224979098644774915 4 0 1 2 936748722493063801 12 2133 2 1224979098644774920 72057594037927978 30 2 1224979098644774920 1 1 2 936748722493063800 4 2133 2 1224979098644774920 72057594037927978 2133 2 72057594037927936 1224979098644774920 2121 3 1224979098644774915 1224979098644774921 1 2322 2 0 1224979098644774915 910 2 1224979098644774913 1585267068834414902 921 2 1224979098644774913 16777215 729 2 0 10 2121 3 1224979098644774915 1224979098644774912 15 730 2 0 1224979098644774915 926 2 1224979098644774913 0 919 1 1224979098644774913 921 2 1224979098644774913 16777215 729 2 0 10 2121 3 1224979098644774915 1224979098644774912 45 730 2 0 1224979098644774915 926 2 1224979098644774913 0 729 2 0 350 730 2 0 1000 925 2 1224979098644774913 0 920 2 1224979098644774913 1585267068834414592 3 0 2106 2 1224979098644774912 60 3 0 500 3 360287970189640755 11 1224979098644774913 2133 2 1224979098644774913 0 4 0 2133 2 1224979098644774914 0 1 2 936748722493063801 0 2133 2 1224979098644774914 72057594037927978 2115 2 1224979098644774914 1 910 2 1224979098644774913 1585267068834414903 921 2 1224979098644774913 16777215 729 2 0 40 2121 3 1224979098644774915 1224979098644774912 15 730 2 0 1224979098644774915 926 2 1224979098644774913 0 918 3 1224979098644774913 1441151880758558774 1441151880758558775 729 2 0 10 2121 3 1224979098644774915 1224979098644774912 15 730 2 0 1224979098644774915 926 2 1224979098644774913 0 927 2 1224979098644774913 1224979098644774914 2106 2 1224979098644774912 30 3 0 500 3 360287970189640755 12 1224979098644774913 2133 2 1224979098644774913 0 4 0 2133 2 1224979098644774914 0 1 2 936748722493063801 0 2133 2 1224979098644774914 72057594037927978 2115 2 1224979098644774914 2 910 2 1224979098644774913 1585267068834414904 921 2 1224979098644774913 16777215 729 2 0 40 2121 3 1224979098644774915 1224979098644774912 15 730 2 0 1224979098644774915 926 2 1224979098644774913 0 918 3 1224979098644774913 1441151880758558774 1441151880758558775 729 2 0 10 2121 3 1224979098644774915 1224979098644774912 15 730 2 0 1224979098644774915 926 2 1224979098644774913 0 927 2 1224979098644774913 1224979098644774914 2106 2 1224979098644774912 30 3 0 500 3 360287970189640755 13 1224979098644774913 2133 2 1224979098644774913 0 4 0 2133 2 1224979098644774914 0 1 2 936748722493063801 0 2133 2 1224979098644774914 72057594037927978 2115 2 1224979098644774914 4 910 2 1224979098644774913 1585267068834414905 921 2 1224979098644774913 16777215 729 2 0 40 2121 3 1224979098644774915 1224979098644774912 15 730 2 0 1224979098644774915 926 2 1224979098644774913 0 918 3 1224979098644774913 1441151880758558774 1441151880758558775 729 2 0 10 2121 3 1224979098644774915 1224979098644774912 15 730 2 0 1224979098644774915 926 2 1224979098644774913 0 927 2 1224979098644774913 1224979098644774914 2106 2 1224979098644774912 30 3 0 500 3 360287970189640755 14 1224979098644774913 2133 2 1224979098644774913 0 4 0 2133 2 1224979098644774914 0 1 2 936748722493063801 0 2133 2 1224979098644774914 72057594037927978 2115 2 1224979098644774914 8 910 2 1224979098644774913 1585267068834414906 921 2 1224979098644774913 16777215 729 2 0 40 2121 3 1224979098644774915 1224979098644774912 15 730 2 0 1224979098644774915 926 2 1224979098644774913 0 918 3 1224979098644774913 1441151880758558774 1441151880758558775 729 2 0 10 2121 3 1224979098644774915 1224979098644774912 15 730 2 0 1224979098644774915 926 2 1224979098644774913 0 927 2 1224979098644774913 1224979098644774914 2106 2 1224979098644774912 30 3 0 500 3 360287970189640755 15 1224979098644774913 2133 2 1224979098644774913 0 4 0 2133 2 1224979098644774914 0 1 2 936748722493063801 0 2133 2 1224979098644774914 72057594037927978 2115 2 1224979098644774914 16 910 2 1224979098644774913 1585267068834414907 921 2 1224979098644774913 16777215 729 2 0 40 2121 3 1224979098644774915 1224979098644774912 15 730 2 0 1224979098644774915 926 2 1224979098644774913 0 918 3 1224979098644774913 1441151880758558774 1441151880758558775 729 2 0 10 2121 3 1224979098644774915 1224979098644774912 15 730 2 0 1224979098644774915 926 2 1224979098644774913 0 927 2 1224979098644774913 1224979098644774914 2106 2 1224979098644774912 30 3 0 500 3 360287970189640755 16 1224979098644774913 2133 2 1224979098644774913 0 4 0 2133 2 1224979098644774914 0 1 2 936748722493063801 0 2133 2 1224979098644774914 72057594037927978 2115 2 1224979098644774914 32 910 2 1224979098644774913 1585267068834414908 921 2 1224979098644774913 16777215 729 2 0 40 2121 3 1224979098644774915 1224979098644774912 15 730 2 0 1224979098644774915 926 2 1224979098644774913 0 918 3 1224979098644774913 1441151880758558774 1441151880758558775 729 2 0 10 2121 3 1224979098644774915 1224979098644774912 15 730 2 0 1224979098644774915 926 2 1224979098644774913 0 927 2 1224979098644774913 1224979098644774914 2106 2 1224979098644774912 30 3 0 500 3 360287970189640755 17 1224979098644774913 2133 2 1224979098644774913 0 4 0 2133 2 1224979098644774914 0 1 2 936748722493063801 19 2133 2 1224979098644774914 72057594037927978 4 0 1 2 936748722493063801 19 2133 2 1224979098644774922 72057594037927978 31 2 1224979098644774922 1224979098644774922 1 4 936748722493063799 19 1224979098644774914 2 910 2 1224979098644774913 1585267068834414909 921 2 1224979098644774913 16777215 729 2 0 10 2121 3 1224979098644774915 1224979098644774912 18 730 2 0 1224979098644774915 926 2 1224979098644774913 0 916 1 1224979098644774913 921 2 1224979098644774913 0 729 2 0 150 2121 3 1224979098644774915 1224979098644774912 56 730 2 0 1224979098644774915 926 2 1224979098644774913 0 931 2 1224979098644774913 1585267068834414910 931 2 1224979098644774913 1585267068834414911 931 2 1224979098644774913 1585267068834414912 931 2 1224979098644774913 1585267068834414913 3 0 2106 2 1224979098644774912 75 3 0 500 3 360287970189640755 18 1224979098644774913 2133 2 1224979098644774913 0 4 0 2133 2 1224979098644774914 0 1 2 936748722493063801 20 2133 2 1224979098644774914 72057594037927978 4 0 1 2 936748722493063801 20 2133 2 1224979098644774922 72057594037927978 31 2 1224979098644774922 1224979098644774922 1 4 936748722493063799 20 1224979098644774914 2 910 2 1224979098644774913 1585267068834414914 921 2 1224979098644774913 16777215 729 2 0 10 2121 3 1224979098644774915 1224979098644774912 18 730 2 0 1224979098644774915 926 2 1224979098644774913 0 916 1 1224979098644774913 921 2 1224979098644774913 0 729 2 0 150 2121 3 1224979098644774915 1224979098644774912 56 730 2 0 1224979098644774915 926 2 1224979098644774913 0 931 2 1224979098644774913 1585267068834414915 931 2 1224979098644774913 1585267068834414916 931 2 1224979098644774913 1585267068834414917 931 2 1224979098644774913 1585267068834414918 931 2 1224979098644774913 1585267068834414919 931 2 1224979098644774913 1585267068834414920 3 0 2106 2 1224979098644774912 75 3 0 500 3 360287970189640755 19 1224979098644774913 2133 2 1224979098644774913 0 4 0 2133 2 1224979098644774914 0 1 2 936748722493063801 21 2133 2 1224979098644774914 72057594037927978 4 0 1 2 936748722493063801 21 2133 2 1224979098644774922 72057594037927978 31 2 1224979098644774922 1224979098644774922 1 4 936748722493063799 21 1224979098644774914 2 910 2 1224979098644774913 1585267068834414921 921 2 1224979098644774913 16777215 729 2 0 10 2121 3 1224979098644774915 1224979098644774912 18 730 2 0 1224979098644774915 926 2 1224979098644774913 0 916 1 1224979098644774913 921 2 1224979098644774913 0 729 2 0 150 2121 3 1224979098644774915 1224979098644774912 56 730 2 0 1224979098644774915 926 2 1224979098644774913 0 931 2 1224979098644774913 1585267068834414910 931 2 1224979098644774913 1585267068834414922 931 2 1224979098644774913 1585267068834414923 931 2 1224979098644774913 1585267068834414924 931 2 1224979098644774913 1585267068834414915 3 0 2106 2 1224979098644774912 75 3 0 500 3 360287970189640755 20 1224979098644774913 2133 2 1224979098644774913 0 3 0 2106 2 1224979098644774912 0 500 3 360287970189640755 21 1224979098644774913 2133 2 1224979098644774913 0 945 1 -1 2133 2 1224979098644774912 1224979098644774917 2106 2 1224979098644774912 39 500 3 360287970189640755 22 1224979098644774913 2133 2 1224979098644774913 0 4 0 2133 2 1224979098644774914 0 940 2 1224979098644774913 1585267068834414925 921 2 1224979098644774913 0 729 2 0 385 2121 3 1224979098644774915 1224979098644774912 30 730 2 0 1224979098644774915 926 2 1224979098644774913 0 2106 2 1224979098644774912 60 3 0 500 3 360287970189640755 23 1224979098644774913 
-62.000000  226 2071 1 1224979098644774912 2072 1 1224979098644774913 4 0 31 2 1 0 5 0 520 3 1224979098644774914 360287970189640755 0 31 2 1224979098644774912 1224979098644774914 1106 1 1585267068834414926 5 0 520 3 1224979098644774914 360287970189640755 1 31 2 1224979098644774912 1224979098644774914 1106 1 1585267068834414927 5 0 520 3 1224979098644774914 360287970189640755 2 31 2 1224979098644774912 1224979098644774914 1106 1 1585267068834414928 5 0 520 3 1224979098644774914 360287970189640755 3 31 2 1224979098644774912 1224979098644774914 1106 1 1585267068834414929 5 0 520 3 1224979098644774914 360287970189640755 4 31 2 1224979098644774912 1224979098644774914 1106 1 1585267068834414930 5 0 520 3 1224979098644774914 360287970189640755 5 31 2 1224979098644774912 1224979098644774914 1106 1 1585267068834414931 5 0 520 3 1224979098644774914 360287970189640755 6 31 2 1224979098644774912 1224979098644774914 1106 1 1585267068834414932 5 0 520 3 1224979098644774914 360287970189640755 7 31 2 1224979098644774912 1224979098644774914 1 2 936748722493063801 10 2133 2 1224979098644774915 72057594037927978 31 2 1224979098644774915 1224979098644774915 1 4 936748722493063799 10 1224979098644774913 2 5 0 520 3 1224979098644774914 360287970189640755 8 31 2 1224979098644774912 1224979098644774914 1 2 936748722493063801 11 2133 2 1224979098644774915 72057594037927978 31 2 1224979098644774915 1224979098644774915 1 4 936748722493063799 11 1224979098644774913 2 5 0 520 3 1224979098644774914 360287970189640755 9 31 2 1224979098644774912 1224979098644774914 1 2 936748722493063801 12 2133 2 1224979098644774915 72057594037927978 31 2 1224979098644774915 1224979098644774915 1 4 936748722493063799 12 1224979098644774913 2 902 1 0 900 1 1513209474796486705 5 0 520 3 1224979098644774914 360287970189640755 10 31 2 1224979098644774912 1224979098644774914 1 2 936748722493063800 4 2133 2 1224979098644774915 72057594037927978 31 2 1224979098644774915 1224979098644774915 1 4 936748722493063798 4 1224979098644774913 0 902 1 0 900 1 1513209474796486705 5 0 520 3 1224979098644774914 360287970189640755 11 31 2 1224979098644774912 1224979098644774914 1 2 936748722493063800 4 2133 2 1224979098644774916 72057594037927978 2120 3 1224979098644774917 160 1224979098644774916 1501 2 1224979098644774917 0 4 0 2147484066 0 3 0 5 0 520 3 1224979098644774914 360287970189640755 12 31 2 1224979098644774912 1224979098644774914 1 2 936748722493063801 0 2133 2 1224979098644774915 72057594037927978 31 2 1224979098644774915 1224979098644774915 4 0 31 2 1224979098644774913 0 2117 3 1224979098644774913 1224979098644774915 62 5 0 2116 3 1224979098644774913 1224979098644774915 1 2120 3 1224979098644774918 1224979098644774912 4 927 2 1224979098644774918 0 2115 2 1224979098644774913 59 2120 3 1224979098644774918 1224979098644774912 6 927 2 1224979098644774918 0 2115 2 1224979098644774913 55 3 0 1 4 936748722493063799 0 1224979098644774913 2 5 0 520 3 1224979098644774914 360287970189640755 13 31 2 1224979098644774912 1224979098644774914 1 2 936748722493063801 0 2133 2 1224979098644774915 72057594037927978 31 2 1224979098644774915 1224979098644774915 4 0 31 2 1224979098644774913 0 2117 3 1224979098644774913 1224979098644774915 61 5 0 2116 3 1224979098644774913 1224979098644774915 2 2120 3 1224979098644774918 1224979098644774912 2 927 2 1224979098644774918 0 2115 2 1224979098644774913 59 2120 3 1224979098644774918 1224979098644774912 4 927 2 1224979098644774918 0 2115 2 1224979098644774913 55 3 0 1 4 936748722493063799 0 1224979098644774913 2 5 0 520 3 1224979098644774914 360287970189640755 14 31 2 1224979098644774912 1224979098644774914 1 2 936748722493063801 0 2133 2 1224979098644774915 72057594037927978 31 2 1224979098644774915 1224979098644774915 4 0 31 2 1224979098644774913 1 2133 2 1224979098644774913 4 2121 3 1224979098644774919 1224979098644774912 4 2120 3 1224979098644774920 1224979098644774919 12 6 3 1224979098644774921 1224979098644774919 1224979098644774920 2147483679 2 1224979098644774921 1224979098644774912 927 2 1224979098644774921 0 3 0 5 0 2133 2 1224979098644774913 1 2121 3 1224979098644774918 1224979098644774912 4 927 2 1224979098644774918 1 3 0 1 4 936748722493063799 0 1224979098644774913 2 5 0 520 3 1224979098644774914 360287970189640755 15 31 2 1224979098644774912 1224979098644774914 1 2 936748722493063801 0 2133 2 1224979098644774915 72057594037927978 31 2 1224979098644774915 1224979098644774915 4 0 31 2 1224979098644774913 1 2133 2 1224979098644774913 8 2121 3 1224979098644774919 1224979098644774912 6 2120 3 1224979098644774920 1224979098644774919 12 6 3 1224979098644774921 1224979098644774919 1224979098644774920 2147483679 2 1224979098644774921 1224979098644774912 927 2 1224979098644774921 0 3 0 5 0 2133 2 1224979098644774913 1 2121 3 1224979098644774918 1224979098644774912 6 927 2 1224979098644774918 1 3 0 1 4 936748722493063799 0 1224979098644774913 2 5 0 520 3 1224979098644774914 360287970189640755 16 31 2 1224979098644774912 1224979098644774914 1 2 936748722493063801 0 2133 2 1224979098644774915 72057594037927978 31 2 1224979098644774915 1224979098644774915 4 0 31 2 1224979098644774913 0 2117 3 1224979098644774913 1224979098644774915 47 5 0 2116 3 1224979098644774913 1224979098644774915 16 2120 3 1224979098644774918 1224979098644774912 -4 927 2 1224979098644774918 0 2115 2 1224979098644774913 59 2120 3 1224979098644774918 1224979098644774912 -2 927 2 1224979098644774918 0 2115 2 1224979098644774913 55 3 0 1 4 936748722493063799 0 1224979098644774913 2 5 0 520 3 1224979098644774914 360287970189640755 17 31 2 1224979098644774912 1224979098644774914 1 2 936748722493063801 0 2133 2 1224979098644774915 72057594037927978 31 2 1224979098644774915 1224979098644774915 4 0 31 2 1224979098644774913 0 2117 3 1224979098644774913 1224979098644774915 31 5 0 2116 3 1224979098644774913 1224979098644774915 32 2120 3 1224979098644774918 1224979098644774912 -6 927 2 1224979098644774918 0 2115 2 1224979098644774913 59 2120 3 1224979098644774918 1224979098644774912 -4 927 2 1224979098644774918 0 2115 2 1224979098644774913 55 3 0 1 4 936748722493063799 0 1224979098644774913 2 5 0 520 3 1224979098644774914 360287970189640755 18 31 2 1224979098644774912 1224979098644774914 1 2 936748722493063801 19 2133 2 1224979098644774915 72057594037927978 31 2 1224979098644774915 1224979098644774915 1 4 936748722493063799 19 1224979098644774913 2 5 0 520 3 1224979098644774914 360287970189640755 19 31 2 1224979098644774912 1224979098644774914 1 2 936748722493063801 20 2133 2 1224979098644774915 72057594037927978 31 2 1224979098644774915 1224979098644774915 1 4 936748722493063799 20 1224979098644774913 2 5 0 520 3 1224979098644774914 360287970189640755 20 31 2 1224979098644774912 1224979098644774914 1 2 936748722493063801 21 2133 2 1224979098644774915 72057594037927978 31 2 1224979098644774915 1224979098644774915 1 4 936748722493063799 21 1224979098644774913 2 5 0 520 3 1224979098644774914 360287970189640755 21 31 2 1224979098644774912 1224979098644774914 1106 1 1585267068834414933 5 0 520 3 1224979098644774914 360287970189640755 22 31 2 1224979098644774912 1224979098644774914 1106 1 1585267068834414934 5 0 520 3 1224979098644774914 360287970189640755 23 31 2 1224979098644774912 1224979098644774914 902 1 0 3 0 
-61.000000  8 75 1 1 726 2 72057594037927937 1 727 2 72057594037927938 1 920 2 144115188075855879 1585267068834414935 4 0 70 1 1 902 1 0 3 0 


prsnt_lwbr_admin_cheats 2 0 0


prsnt_lwbr_customize_maplist 2 0 0


prsnt_lwbr_admin_chat 2 0 0


prsnt_lwbr_set_hotkeys 2 0 0


prsnt_end 0 0 0


