simple_triggers_file version 1
110
-6.000000  0 
-5.000000  0 
24.000000  0 
24.000000  0 
24.000000  0 
24.000000  0 
24.000000  0 
24.000000  0 
24.000000  0 
24.000000  0 
24.000000  0 
24.000000  0 
24.000000  0 
24.000000  0 
24.000000  0 
24.000000  0 
24.000000  0 
24.000000  0 
24.000000  0 
24.000000  0 
24.000000  0 
24.000000  0 
24.000000  0 
24.000000  0 
24.000000  0 
24.000000  0 
24.000000  0 
24.000000  0 
24.000000  0 
24.000000  0 
24.000000  0 
24.000000  0 
24.000000  0 
24.000000  0 
24.000000  0 
24.000000  0 
24.000000  0 
24.000000  0 
24.000000  0 
24.000000  0 
24.000000  0 
24.000000  0 
24.000000  0 
24.000000  0 
24.000000  0 
24.000000  0 
24.000000  0 
24.000000  0 
24.000000  0 
24.000000  0 
24.000000  0 
24.000000  0 
24.000000  0 
24.000000  0 
24.000000  0 
24.000000  0 
24.000000  0 
24.000000  0 
24.000000  0 
24.000000  0 
24.000000  0 
24.000000  0 
24.000000  0 
24.000000  0 
24.000000  0 
24.000000  0 
24.000000  0 
24.000000  0 
24.000000  0 
24.000000  0 
24.000000  0 
24.000000  0 
24.000000  0 
24.000000  0 
24.000000  0 
24.000000  0 
24.000000  0 
24.000000  0 
24.000000  0 
24.000000  0 
24.000000  0 
24.000000  0 
24.000000  0 
24.000000  0 
24.000000  0 
24.000000  0 
24.000000  0 
24.000000  0 
24.000000  0 
24.000000  0 
24.000000  0 
24.000000  0 
24.000000  0 
24.000000  0 
24.000000  0 
24.000000  0 
24.000000  0 
24.000000  0 
24.000000  0 
24.000000  0 
24.000000  0 
24.000000  0 
24.000000  0 
24.000000  0 
24.000000  0 
24.000000  0 
24.000000  0 
24.000000  0 
24.000000  0 
24.000000  0 
